Numero Identificacion	Numero Operacion	Numero cuota	Fecha Vencimiento	Fecha Pago	valor_1_pagos	valor_2_pagos	valor_3_pagos	valor_4_pagos	valor_5_pagos	valor_6_pagos	Forma Pago	Numero Convenio	Tipo de Movimiento	Marca de Condonacion	Porcentaje exoneracion	Total	Numero de Abono
0928371624	066200308576	43	2017-11-05	2022-02-22	81.88	1.79	0	0	0	0	E			0		83.67	 
0928371624	066200308576	44	2017-12-05	2022-02-22	83.93	1.88	0	0	0	0	E			0		85.81	 
0928371624	066200308576	45	2018-01-05	2022-02-22	84.99	12.46	0	0	0	0	E			0		97.45	 
0928371624	066200308576	46	2018-02-05	2022-02-22	86.07	51.98	0	0	0	0	E			0		138.05	 
0928371624	066200308576	47	2018-03-05	2022-02-22	87.16	57.17	0	0	0	0	E			0		144.33	 
0928371624	066200308576	48	2018-04-05	2022-02-22	88.41	51.28	0	0	0	0	E			0		139.69	 
0704251024	066200310541	58	2019-03-22	2022-02-22	97.94	1.89	0	0	0	.17	E		A	0		100	 
0105311682	066200344656	55	2019-11-30	2022-02-22	97.53	1.65	0	.66	0	.16	E		A	0		100	 
1723681761	066200402348	25	2019-08-15	2022-02-22	89.29	37.19	0	0	0	.13	E			0		126.61	 
1723681761	066200402348	26	2019-09-15	2022-02-22	21.45	49.19	0	0	0	2.75	E		A	0		73.39	 
0604398511	066200442401	29	2021-01-16	2022-02-22	70.25	29.57	0	0	0	.18	E		A	0		100	 
0803160365	066200466589	27	2021-07-31	2022-02-22	0	156.37	0	0	0	43.63	E		A	0		200	 
1309920567	066270001324	35	2018-08-18	2022-02-22	11.79	86.66	0	0	0	1.55	E		A	0		100	 
0702794975	066400143317	32	2017-01-17	2022-02-22	39.11	25.31	0	6.16	0	2.13	E			0		72.71	 
0702794975	066400143317	33	2017-02-17	2022-02-22	1	65.28	0	0	0	11.01	E		A	0		77.29	 
0102191467	066400148939	70	2020-07-25	2022-02-22	84.67	14.37	0	.4	0	.56	E		A	0		100	 
0603108218	066400154741	46	2018-10-23	2022-02-22	51.61	44.01	0	.9	0	3.48	E		A	0		100	 
0706169646	066400195348	36	2020-03-30	2022-02-22	65.74	34.05	0	0	0	.21	E		A	0		100	 
1206317891	066400203059	5	2019-12-31	2022-02-22	973.73	23.82	0	0	0	2.45	E		A	0		1000	 
1716061476	066400235036	20	2021-01-30	2022-02-22	17.06	12.89	0	0	0	.05	E		A	0		30	 
0912955549	066470005385	1	2014-09-25	2022-02-22	35.46	.71	0	0	0	0	E			0		36.17	 
0912955549	066470005385	2	2014-10-25	2022-02-22	36.86	.72	0	0	0	0	E			0		37.58	 
0912955549	066470005385	3	2014-11-25	2022-02-22	37.27	.7	0	0	0	0	E			0		37.97	 
0912955549	066470005385	4	2014-12-25	2022-02-22	37.68	.74	0	0	0	0	E			0		38.42	 
0912955549	066470005385	5	2015-01-25	2022-02-22	38.1	17.32	0	0	0	0	E			0		55.42	 
0912955549	066470005385	6	2015-02-25	2022-02-22	38.52	35.04	0	0	0	0	E			0		73.56	 
0912955549	066470005385	7	2015-03-25	2022-02-22	38.94	38.77	0	0	0	0	E			0		77.71	 
0912955549	066470005385	8	2015-04-25	2022-02-22	39.37	34.99	0	0	0	0	E			0		74.36	 
0912955549	066470005385	9	2015-05-25	2022-02-22	39.81	36.13	0	0	0	0	E			0		75.94	 
0912955549	066470005385	10	2015-06-25	2022-02-22	40.25	34.89	0	0	0	0	E			0		75.14	 
0912955549	066470005385	11	2015-07-25	2022-02-22	40.71	36.02	0	0	0	0	E			0		76.73	 
0105025936	066700015843	26	2020-11-30	2022-02-22	195.93	3.7	0	0	0	.37	E		A	0		200
