TIPODOCUMENTO	Numero Identificacion	Numero de telefono	Tipo telefono
C	0913559951	0991618090	01
C	0913559951	042476452	06
C	0910860113	0994432043	01
C	0910860113	045032316	01
C	1104909989	0986956968	01
C	1104909989	0996778389	06
C	0105457394	0984106895	01
C	0950679472	042444409	06
C	0950679472	0996709411	01
C	0950679472	0993809103	04
C	0950679472	0967104232	01
C	0922592316	042252570	01
C	0922592316	0991623896	01
C	1103558662	0999956751	01
C	1103558662	0967375257	05
C	1103558662	0980705487	06
C	0706643061	0969179544	01
C	0912688124	0994458352	01
C	0912688124	042135227	05
C	0912688124	033904820	06
C	0912688124	043904810	06
C	0916377179	0994156430	01
C	0916377179	042798652	06
C	0104916598	072266790	01
C	0707104543	072995548	01
C	0957954324	0967007296	01
C	0957954324	043067867	01
C	1208342210	042152302	01
C	1208342210	042924745	06
C	0954098992	0960004702	01
C	0705568277	072634060	06
C	0705568277	0967083383	06
C	0706764537	0962073794	01
C	1401089477	072717102	01
C	1401089477	0939508833	06
C	1103668107	0991106357	01
C	1103668107	0999346191	06
C	1103668107	023701021	06
C	1105002826	0960651577	05
C	0703347443	0968371406	01
C	1203658495	0939978074	01
C	1203658495	0967289964	05
C	0706443074	0978643276	01
C	0706443074	072974609	01
C	1715500813	0960805011	01
C	1715500813	072687210	06
C	1105759607	0988680133	01
C	1719917468	0995733438	01
C	0105696504	0979699129	01
C	0104460282	0963040703	01
C	0104460282	0991849807	06
C	0104501606	072887074	05
C	0102045507	074049944	01
C	0102045507	0998421056	01
C	0102045507	072838900	06
C	0102045507	0998122614	07
C	0102045507	074056851	07
C	2450375809	0980027313	01
C	0106424583	0969988946	01
C	0106424583	076048700	06
C	0106424583	0991277829	06
C	1311882326	0997421835	01
C	1311882326	0997248421	01
C	0706720851	072984687	06
C	0702942970	0995952517	01
C	0702942970	072908973	06
C	0940863137	0969531232	01
C	0704146331	0969663318	01
C	0704146331	042931464	06
C	0704146331	045001751	06
C	0704146331	0969387714	06
C	0105514509	0988777111	01
C	0105514509	0999565126	01
C	0105514509	072814176	06
C	1706277231	0981298849	01
C	1706277231	072386970	02
C	1706277231	0984121406	01
C	1706277231	0994252819	06
C	0701974461	072920241	05
C	0701974461	072936386	06
C	0701974461	0997877891	06
C	1150170528	0986523960	01
C	1150170528	0958941166	06
C	0930245006	042817517	01
C	0930245006	0996469895	01
C	0930245006	043713035	06
C	0906328877	042942779	01
C	0906328877	0998143593	01
C	0201687621	072978329	01
C	0201687621	072831403	06
C	0923548366	0961888810	01
C	0930157573	0980842788	01
C	0930157573	042572446	05
C	0930157573	042191486	06
C	0104682216	072894713	01
C	0704959741	0967780173	01
C	0705453116	072921911	01
C	0705453116	0967185778	06
C	1720640984	023172123	01
C	1720640984	022645061	06
C	1103815633	0992367617	01
C	1103815633	072541230	06
C	1103815633	0980685192	01
C	1103815633	072616618	02
C	1103815633	072616615	06
C	0911092435	042479062	01
C	1714706668	023763333	06
C	1714706668	0990895220	01
C	0106969819	072203482	01
C	0106969819	0968631931	01
C	0920797222	0988683007	01
C	0920797222	0994554262	01
C	0920797222	0990082535	06
C	0920797222	0994554261	05
C	0950018960	0988639728	06
C	0950018960	0961386641	01
C	0956441042	0991607173	01
C	0703907923	0961513523	01
C	0703907923	0978933064	01
C	0702502295	072915430	05
C	0702502295	0981928076	01
C	0920155140	043112062	01
C	0953562725	0967560021	01
C	0953562725	0988865378	01
C	0704982438	072966451	01
C	0704982438	0997260381	01
C	0704982438	072938810	06
C	0704421452	0990179436	01
C	0704421452	0982267193	01
C	0704421452	072185990	01
C	1207187178	0967763587	01
C	1207187178	0991033568	01
C	1311063893	0992417789	01
C	0706408747	0986054330	01
C	0706408747	0972952148	06
C	1104812266	072585171	01
C	1104812266	0980231720	01
C	0750462723	0980196157	01
C	1104231954	042207582	01
C	1104231954	0939901911	01
C	1104231954	072570013	06
C	0703352575	072967214	01
C	0703352575	0991230806	01
C	0703352575	0995973184	06
C	1714207105	0967279272	01
C	1714207105	072982727	06
C	0703955062	0990751002	01
C	0703955062	072914460	06
C	1900744614	072565588	06
C	1900744614	0985144481	01
C	0704636554	0979585335	01
C	0920954161	0994211974	01
C	0705954618	0985148681	01
C	0705954618	0968147175	01
C	0703036525	0993018429	01
C	0704137819	0989737771	05
C	0704089655	0968796529	01
C	0704089655	0990933549	01
C	0704089655	042950216	01
C	0704721497	0994363202	01
C	0704721497	0984508020	06
C	0703344762	0990614599	01
C	0703344762	074035752	01
C	0703344762	0993565073	06
C	1600539637	0999309551	01
C	1600539637	0967123036	02
C	2400164642	0961426146	01
C	0301454377	072248956	01
C	0301454377	0989603054	01
C	2100776851	0985491523	01
C	1726828591	0990040807	01
C	1726828591	0993806213	01
C	1104721376	0988604409	01
C	2450829946	042944386	01
C	2450829946	0961577624	01
C	2450829946	0993979042	06
C	2450829946	0980127980	06
C	2450829946	0961054237	01
C	0302177746	072422433	01
C	0302177746	0986118088	01
C	0923958268	0990605642	01
C	0923958268	072560833	06
C	0923958268	0997553544	06
C	1709253395	0996126189	01
C	1709253395	022410303	06
C	0106580418	072869088	06
C	0106580418	0999231050	01
C	0106519796	074137328	01
C	0106519796	0987133801	01
C	0106519796	0996399190	01
C	0106519796	0999014243	06
C	0350062436	0990792187	01
C	0702634437	0997120954	01
C	0201600541	0987273542	01
C	2400003832	042933385	06
C	0927759126	043090117	01
C	0927759126	0988826920	01
C	0704323740	0989083209	01
C	1309340758	0978776663	01
C	0923364889	074200015	05
C	2400156911	0986348250	04
C	1206313031	052792575	06
C	0705222099	042827099	01
C	0705222099	0996130865	01
C	1104486707	0991696945	01
C	1104486707	0982730126	05
C	0102253705	072842377	06
C	0705536522	0969217387	05
C	0705536522	0993329385	06
C	0703818799	0939946976	01
C	0703818799	0939585761	05
C	0703818799	0994052871	05
C	0703818799	072944774	01
C	1717682791	0995847550	06
C	1717682791	072476287	06
C	1103810873	0995260839	01
C	1103810873	0994201302	06
C	0104595897	0958716478	06
C	0104595897	0980058613	06
C	1721899399	0995247590	01
C	0705387736	072150758	01
C	0705387736	0963228807	01
C	1719788935	0998030223	01
C	1719788935	072712903	01
C	1719788935	072989800	06
C	1718318007	072639818	01
C	1718318007	022892767	06
C	0105457394	0982956251	01
C	0950679472	042602537	01
C	0706643061	0982618288	01
C	0706643061	0998717351	01
C	0912688124	042922253	06
C	0916377179	042506602	01
C	0104916598	0994255289	01
C	0707104543	0991980662	01
C	0707104543	072996492	06
C	0931797443	0998013203	01
C	0957954324	0960652621	01
C	1208342210	0987221208	06
C	1208342210	0981843791	01
C	0954098992	0990767450	01
C	0954098992	0967096928	01
C	0954098992	042550181	06
C	0954098992	042804573	06
C	0954098992	0997763636	01
C	0954098992	0969098186	01
C	0705114726	0988857108	01
C	0705114726	072877000	06
C	0705114726	0980596361	01
C	0705568277	0997883498	01
C	0705568277	0991202200	01
C	0802906230	0999132543	01
C	0802906230	0988909508	01
C	0802906230	074134900	06
C	0706764537	072914319	01
C	0706051109	0985964376	01
C	0706051109	042915838	06
C	0704416833	0999757558	01
C	0704416833	072615758	06
C	0704416833	0960835905	01
C	1401089477	0979545591	01
C	1105002826	072546713	01
C	1105002826	0990298498	01
C	1105002826	076063185	01
C	0703347443	072184666	01
C	1203658495	0981422185	01
C	0706443074	0991119585	01
C	0706443074	0987690980	01
C	1715500813	0939037084	01
C	1105759607	0993434279	01
C	1719917468	0962926356	01
C	0706071560	0990273602	01
C	0706071560	0985417894	06
C	0301932422	0995545567	01
C	0105696504	074139003	01
C	0104460282	0958996473	01
C	0104501606	0982789609	01
C	0104501606	0984529909	06
C	1716375900	022431732	01
C	1716375900	0992051981	01
C	1716375900	022670900	01
C	1716375900	023815160	06
C	1721719670	0958882666	01
C	1721719670	022320120	01
C	1721719670	022908940	06
C	1721719670	0996450025	06
C	1721719670	022230005	06
C	0106424583	072898282	01
C	1311882326	0988921813	01
C	0703534297	0997152811	01
C	0703534297	072520535	01
C	0703534297	072960941	06
C	0703534297	0991085345	06
C	0706720851	0986791213	01
C	0704341387	0982455789	06
C	0704341387	072966700	06
C	0704341387	0993045869	05
C	0704146331	0991283605	01
C	0704146331	0983224798	01
C	1203427644	0986906935	01
C	1203427644	0980613763	06
C	1203427644	072856330	06
C	1203427644	0969870550	01
C	0701974461	0992015006	01
C	0106391089	0984862785	01
C	0106391089	074045367	01
C	0930245006	0960561082	05
C	0906328877	0998140352	01
C	0906328877	0993401396	01
C	0201687621	0978989714	01
C	0104682216	0983270861	05
C	0104682216	074189028	06
C	0104682216	0978815642	01
C	0705453116	0998265098	01
C	0705145506	0967964882	01
C	0705145506	0982940798	01
C	1720640984	023101961	01
C	1720640984	0958922763	01
C	1720640984	0981650555	01
C	0911092435	0988171040	01
C	0911092435	0969054661	06
C	0911092435	043869733	06
C	0705684330	0959763596	01
C	1714706668	023751753	01
C	0106969819	0993599459	06
C	0106969819	0968621937	01
C	0920797222	0985511923	01
C	0950018960	042856122	01
C	0950018960	0983902481	01
C	0956441042	0981047466	01
C	0956441042	042807300	01
C	0956441042	042890121	06
C	0702502295	0993166634	01
C	0920155140	0959464568	01
C	0704982438	072982091	06
C	0704982438	0994830887	01
C	0703732883	0993539950	01
C	0703732883	0992278400	06
C	1311063893	0994835403	01
C	0706408747	0989419488	01
C	1104267453	0982829064	01
C	1104267453	0980523584	01
C	1104267453	0985707937	06
C	1104231954	072560013	06
C	0703352575	072934764	06
C	0703955062	0985898080	05
C	0706261187	0998955705	01
C	0706261187	0967935355	01
C	0706261187	072145142	05
C	0706261187	0959652426	01
C	0706261187	0984150242	06
C	0703036525	072928431	06
C	0704137819	0983312620	01
C	0704137819	072820247	01
C	0704137819	0994564707	06
C	2400014144	0967471819	01
C	0104623590	0998803721	01
C	0104623590	0991717308	01
C	0704089655	0989557178	05
C	0704089655	0939165620	06
C	1600539637	072701825	06
C	0301454377	0987849432	06
C	1726828591	0992234660	01
C	0301535373	0967793818	01
C	0301535373	072420431	06
C	0301535373	0991224393	01
C	0923958268	072111603	01
C	1709253395	0967100332	06
C	0106580418	072827618	01
C	0106580418	0979255362	01
C	0106580418	0979751300	06
C	0106580418	0962943202	01
C	0350062436	072423062	06
C	0702634437	0993936487	05
C	0702634437	0985095900	05
C	0105264519	0939773486	01
C	0105264519	072845243	05
C	0706674389	0980845972	01
C	0706674389	0991242269	01
C	0706674389	0981925996	06
C	0201600541	0993563526	06
C	0201600541	0979397693	01
C	2400003832	0968044005	01
C	0705135903	0988711272	01
C	0706033701	0987394396	01
C	0704323740	072930581	01
C	0704323740	072938810	06
C	0923364889	0978870511	01
C	0923364889	0960290932	01
C	0923364889	0983897978	06
C	2400156911	0968828649	01
C	1206313031	0992083814	01
C	1206313031	052792259	06
C	1206313031	0993217206	04
C	1206313031	0986080998	04
C	1104486707	072561136	05
C	1104486707	072560025	06
C	1104486707	0989924802	06
C	1104486707	072560029	06
C	0102253705	0987693517	01
C	0102253705	072240140	06
C	0705536522	0983411322	01
C	0705536522	0987702818	05
C	0703818799	0969818266	06
C	1717682791	0994811718	06
C	1717682791	0994159714	01
C	0104595897	0984242156	01
C	0104595897	0962969782	01
C	0104595897	0990122993	01
C	0705387736	0989512294	01
C	0705387736	0987587388	06
C	0705387736	0986084510	06
C	0705387736	0959929366	01
C	1719788935	072767142	01
C	1718318007	0995637253	01
C	0706397213	0984006055	01
C	0706397213	072918373	06
C	0706397213	072912210	05
C	0703378083	0980381861	01
C	0301792792	0991365824	01
C	0301792792	0997828360	01
C	0703844365	072793054	06
C	0703844365	072944540	06
C	0103752564	0967263916	01
C	0103752564	0969197672	01
C	1103164552	0959561356	01
C	1207187210	0959488756	01
C	1207187210	0991403388	01
C	1207187210	0967435599	01
C	2400100679	0994574764	01
C	2400100679	0963119797	01
C	0706585908	072790602	01
C	0706585908	0939714466	01
C	0706585908	072983003	06
C	0101867034	072881783	01
C	0101867034	0984368884	01
C	0101867034	072819850	05
C	0101867034	072819658	06
C	0103032900	072855233	06
C	0103032900	0995564649	05
C	0705659019	072157027	01
C	0705659019	0968086580	06
C	1104745714	072810746	06
C	0705208916	0984106087	01
C	0705208916	072188777	01
C	0702952433	0997430096	05
C	1104273675	0990032693	01
C	0705588457	072996243	06
C	1104914955	0969825268	01
C	1104914955	0967909202	01
C	1104914955	0969722141	06
C	1900837269	0980174898	01
C	1900837269	072941492	06
C	0701877326	0979342381	01
C	0701877326	0986910226	06
C	1205432899	0959133684	01
C	1205432899	0960068273	01
C	1205432899	0999367512	05
C	0704868587	0993361017	01
C	0922154208	0984068104	06
C	0926752916	0993155739	01
C	0926752916	042930197	01
C	1712541349	072914703	05
C	0107251415	0981523321	06
C	0106598055	0992988174	06
C	1400949531	0991222169	01
C	0706343225	0992161246	06
C	0705939544	0983533305	01
C	0705939544	0993755845	06
C	0102386687	0983897298	01
C	1713368460	023131037	01
C	0956008577	0996854995	01
C	0907997712	042101547	01
C	0907997712	0994998153	01
C	0907997712	042558507	01
C	0706354883	0999199559	01
C	0105663918	072824128	06
C	0926380692	0987600676	01
C	0926380692	046054674	05
C	0926380692	042004293	06
C	0706576899	0979937076	01
C	0918148065	0979934928	01
C	0918148065	0998821328	01
C	0918148065	072924248	06
C	0704210228	0980277275	01
C	1105603979	0939175093	01
C	1105603979	0979881796	06
C	0926672502	044510243	01
C	1102769765	0985851013	01
C	1102769765	042586394	01
C	1102769765	046005939	06
C	0700905540	072934623	01
C	0700905540	0968730035	01
C	0700905540	072934840	01
C	0917911000	0998198846	01
C	0917911000	042056796	01
C	0917911000	042013010	06
C	1200573853	0967105390	01
C	1200573853	042010757	01
C	0302401989	072230261	01
C	0302401989	0978959091	01
C	0106091424	072271066	01
C	0106091424	0994368615	01
C	0706268133	0997008745	01
C	1720831807	0981964470	06
C	1720831807	073740539	06
C	0106906555	0999853469	01
C	0106906555	072867931	06
C	0105688188	0982989242	01
C	0105688188	072460593	01
C	0942089384	0995037044	06
C	0150668648	0985104274	01
C	0705052132	0984232774	06
C	0101584779	072888393	06
C	0101584779	0992820510	01
C	0929079978	0989563265	01
C	0705970408	0994521937	06
C	1712605045	0983429370	01
C	0922877220	072862255	06
C	0928009687	042195782	01
C	0928009687	0996155684	01
C	0928009687	043726310	06
C	0102359015	074077945	01
C	0102359015	072410358	01
C	0105978258	0994954077	06
C	0105978258	0967028296	05
C	0705324267	0988699342	01
C	0705324267	072430497	06
C	0102543261	072251628	01
C	0102543261	0999346449	01
C	0102543261	072509303	01
C	0702192501	072966039	01
C	0702192501	0969896583	01
C	0702192501	072937629	06
C	0704939230	0984609406	01
C	1202847370	042988125	01
C	1204261711	0988171804	01
C	1204261711	0982549774	01
C	0704235704	0986465999	06
C	0704235704	0997598287	01
C	0954589396	046001986	01
C	0954589396	0978878352	01
C	0954589396	0978819983	01
C	0954589396	042363710	06
C	0706803186	0969706576	01
C	0703903732	072945600	06
C	0931136121	0987309173	01
C	0706554383	072962152	06
C	0926998469	0960141910	01
C	0926998469	043732060	06
C	1718661463	072966034	01
C	1718661463	0984303726	06
C	1205776790	052733263	01
C	1205776790	0999188497	06
C	0604016170	0983281398	01
C	0703538538	0993047324	05
C	1150160883	072588533	06
C	1150160883	0985512292	06
C	1150160883	0981746980	01
C	1204920175	043161039	01
C	1204920175	0981079734	01
C	1204920175	042308070	06
C	1204920175	0993216633	06
C	0804622991	0982885847	01
C	0707314613	0967070850	01
C	0704069558	0980018030	01
C	0925740441	0992372981	01
C	0925740441	076005798	06
C	0706298338	0988980934	01
C	0706298338	072787266	01
C	0706516598	0989773021	01
C	0706516598	0998701359	06
C	0703559153	0983667896	01
C	0703559153	0984941528	01
C	0940190887	042673480	01
C	1105819674	0979491360	01
C	0703103515	072908884	01
C	0703103515	0988906060	01
C	2450824327	0989880403	01
C	1203109606	0990936134	01
C	1203109606	0990926631	06
C	1204438996	0995838831	06
C	0704253533	0987399278	01
C	0705417780	072635125	01
C	2400121220	0991197320	01
C	0910499367	0969599980	01
C	1309467379	042336008	01
C	1309467379	0999049118	01
C	0702924911	0986929953	01
C	1718218918	0989211801	01
C	1718218918	022645430	01
C	0801763053	0992443845	06
C	0107467946	0939945207	01
C	1204825127	042397400	06
C	2450116898	0961171713	01
C	0302894209	0979342679	01
C	0107043721	0979066631	01
C	2100449244	0997233810	06
C	2100449244	0967401105	05
C	2100449244	023703681	01
C	0103297735	072884421	01
C	0103297735	0939922023	01
C	0704731777	0988473055	01
C	0959187147	0969412727	01
C	0959187147	072322000	06
C	1204792863	0985587934	06
C	0704122563	0997414983	01
C	0927242685	0995961508	01
C	0927242685	0986255482	06
C	0927242685	042930426	06
C	0105445142	0968883859	01
C	0705288272	0983609245	01
C	0150068781	072871101	01
C	0150068781	0958962419	01
C	0150068781	074078028	06
C	0107144875	0979367289	01
C	0303021661	0994539139	01
C	0303021661	0985734259	06
C	0103960845	0988816049	01
C	0103960845	0982848873	05
C	0104045869	072858531	01
C	0104045869	0991128016	01
C	0705455848	072943167	06
C	1104154503	0979176953	01
C	1303913261	076000286	06
C	0706397213	0990823434	05
C	0703378083	072961802	01
C	0703378083	0988200992	01
C	0301792792	0985859012	01
C	0301792792	072420661	06
C	0703844365	0990927947	01
C	0703844365	0967156531	01
C	1205375106	0986333935	01
C	1205375106	0985725561	02
C	1205375106	052970195	06
C	1205375106	052970308	06
C	1205375106	0991054544	01
C	1205375106	0991538684	01
C	0103752564	0999538058	01
C	1103164552	072581136	05
C	1103164552	072139400	06
C	1207187210	0989049793	01
C	2400100679	0982544270	01
C	0103032900	0987435449	01
C	0103032900	0988973921	01
C	0705659019	0969318191	01
C	0705659019	0994985831	01
C	1104745714	0959665808	01
C	1104745714	074106081	03
C	0801306671	0997326093	01
C	1104273675	0993128808	01
C	1104273675	072541114	06
C	1104273675	0939249473	01
C	0705588457	0969998777	01
C	1104914955	0991831652	06
C	1900837269	0986280710	01
C	0701877326	0990285311	01
C	0701877326	072952018	06
C	0701877326	0961427002	01
C	0750249328	0939789749	01
C	1205432899	0969247469	01
C	1205432899	0959824743	01
C	1205432899	0967892955	04
C	0704868587	0982772530	06
C	0704868587	0991504510	01
C	0922154208	0990396029	01
C	0922154208	0999024612	06
C	0922154208	0993076121	01
C	0922154208	0959535062	01
C	1206714279	0939713161	01
C	1206714279	0959696993	06
C	1712541349	0999128697	01
C	1712541349	0989192217	01
C	0107251415	0979112997	01
C	0107251415	072886829	01
C	0107251415	0987801556	01
C	0957293210	045051046	01
C	0957293210	0992852375	01
C	0957293210	042682305	06
C	0106598055	074032125	01
C	0106598055	0998199948	01
C	0705333896	072933908	05
C	0705333896	0961395666	01
C	1400949531	0981331892	01
C	0706343225	0994247319	01
C	0706343225	072936887	06
C	0107379653	0992752039	01
C	0107379653	0992580503	06
C	0107379653	074185697	05
C	0105442255	0988578645	01
C	1750245407	022857199	01
C	1750245407	0995176908	01
C	1750245407	0983780836	01
C	0705939544	0985400060	05
C	0107600207	0969624128	01
C	0102386687	072608172	06
C	1713368460	0987410860	01
C	1713368460	022667270	06
C	1713368460	0984210717	05
C	0956008577	042022391	01
C	0956008577	042161040	06
C	0706354883	0993895696	01
C	0706354883	072937661	06
C	2200284269	0990810734	01
C	2200284269	072863976	06
C	0105663918	072838274	01
C	0105663918	0993323200	01
C	0926380692	046054673	05
C	0706576899	072966064	01
C	0706576899	072967239	06
C	0918148065	0979453421	01
C	0704210228	0983270704	05
C	0704210228	072914761	05
C	0704210228	042940558	06
C	0926672502	0985786847	01
C	0926672502	042780018	06
C	1102769765	0968718861	05
C	0700905540	0980122703	01
C	0924371321	042598830	06
C	0924371321	0990886094	01
C	0924371321	042155255	01
C	1200573853	0959108229	01
C	1200573853	042011449	01
C	0302401989	0986836405	05
C	0302401989	0986248621	01
C	0302401989	0979101073	01
C	0106091424	0986478837	01
C	1720831807	0988403861	01
C	1720831807	073442476	06
C	0106906555	072882159	06
C	0105688188	0985023041	06
C	0942089384	0999599027	01
C	0706348497	0939023432	01
C	0706348497	0992127161	06
C	0150668648	0998685731	01
C	0150668648	072819956	06
C	0705052132	0997762201	01
C	0705052132	072982727	06
C	0705052132	0982633936	01
C	0101584779	0989697030	01
C	0101584779	074096114	01
C	0929079978	0994063153	01
C	0929079978	0988444736	06
C	0929079978	072950460	06
C	0705970408	0988646527	01
C	1712605045	072812542	01
C	1712605045	0981079812	01
C	1712605045	072835600	06
C	1714977467	0959805377	01
C	0704507334	0991691479	01
C	0704507334	0980121319	01
C	0922877220	0991900834	01
C	0106486939	072858214	01
C	0106486939	0939994384	01
C	0106486939	074084492	06
C	0102359015	0983857589	01
C	0105978258	0968205985	01
C	0105978258	0992150272	01
C	0105978258	072422401	01
C	0103715660	0982310928	01
C	0103715660	074068422	01
C	0105467864	072895201	05
C	0105467864	074185265	01
C	0105467864	0986989296	01
C	0704939230	072917344	06
C	0704939230	0996289704	01
C	0704939230	0994211487	01
C	1202847370	0969218128	01
C	1202847370	0988204209	01
C	1204261711	042154077	01
C	1204261711	0989108313	01
C	1204261711	0993285479	05
C	1204261711	0963792889	01
C	0704235704	0979722601	01
C	0954589396	0963837975	01
C	0706803186	075004151	01
C	0706803186	0939165048	06
C	0703903732	0979933753	01
C	0705049138	0994385374	01
C	0705049138	0980285107	01
C	0706016870	0960024060	01
C	0706554383	0990109072	01
C	0926998469	072663413	01
C	0926998469	0978952217	01
C	0704932599	0989460544	01
C	0503055709	0986876449	01
C	0503055709	0991374406	05
C	1718661463	0980871994	01
C	1718661463	0997437423	01
C	1718661463	026004000	06
C	0919298950	0984759186	01
C	0919298950	0985518753	01
C	1205776790	0997904119	01
C	0917624496	0993343961	01
C	0604016170	0999632118	01
C	0604016170	0997293084	01
C	0604016170	0987896022	01
C	0703538538	072890103	06
C	0703538538	0989828415	01
C	0703538538	072980273	01
C	0703538538	0985039108	06
C	0703538538	0988814747	01
C	0706246527	0983803863	01
C	0704069558	072931093	06
C	0704008820	0959124117	01
C	0704008820	022983196	01
C	0925740441	043071656	05
C	0925740441	042113100	06
C	0706298338	0980834219	01
C	0706298338	0999512720	01
C	0706516598	0939904808	01
C	0703559153	0960685165	01
C	0703559153	0981979651	01
C	0703559153	0995205191	01
C	0921745733	0962910706	01
C	0921745733	072937075	06
C	0921745733	072962965	06
C	0940190887	0994118437	01
C	1105819674	0969845975	01
C	2450824327	043716200	06
C	1203109606	0991532788	01
C	1203109606	072267406	06
C	1203109606	0982114409	06
C	1203109606	0982540097	03
C	1204438996	0990495862	01
C	0919506816	0999435149	01
C	0919506816	072618130	06
C	0704253533	0994203221	01
C	0105117501	0983820643	01
C	0105117501	072864531	05
C	0705417780	0985901241	01
C	0705417780	072951915	06
C	0702554452	0967947328	01
C	0104442017	074151919	01
C	0104442017	0960229179	01
C	0104442017	074086962	06
C	0910499367	072477084	01
C	0910499367	072890144	06
C	0750249328	0993457349	06
C	0702924911	0988439708	01
C	1718218918	023976400	06
C	1202465306	0959952052	01
C	0801763053	0991203909	01
C	0801763053	0998166983	01
C	0801763053	0980933785	01
C	0107467946	0962902117	01
C	1204825127	0959426007	01
C	1204825127	042963518	05
C	2450116898	0961647936	01
C	2450116898	0996697617	01
C	0107043721	072993100	06
C	2100449244	0997155373	01
C	2100449244	0958979875	06
C	2100449244	0997690982	01
C	1204792863	0968552299	01
C	0704122563	0997498721	01
C	0704122563	072963625	01
C	0927242685	0983880167	01
C	0929019008	043702400	06
C	2400144198	0985349405	01
C	2400144198	0980887956	05
C	0107144875	0960135891	06
C	0350263620	0987899547	01
C	0350263620	0962649729	01
C	0350263620	0987466924	06
C	0106384209	0994850465	01
C	0303021661	0999179810	06
C	0303021661	0991409449	01
C	0103960845	074098162	01
C	0103960845	0982708056	01
C	0705455848	0960341231	01
C	0705455848	0979057919	05
C	1104154503	0985210643	01
C	1104154503	0983314643	06
C	1104154503	072574889	06
C	1303913261	072983688	06
C	0704937267	072935523	01
C	0704937267	0997264936	06
C	0704937267	0999359950	01
C	0925801433	043070838	01
C	0925801433	042212421	06
C	0925801433	0962016998	01
C	1313495358	072838147	06
C	0926022468	0985321172	01
C	0924375819	042366984	01
C	0924375819	0984628260	01
C	0705438612	072943872	01
C	0704463132	0985440457	06
C	0701594285	072937392	06
C	1205247891	0999373869	05
C	1205247891	0982571918	01
C	1204882003	0994414736	06
C	1805287925	0995440297	01
C	1805287925	0962597389	01
C	1805287925	0997888473	05
C	0102387412	0999276265	01
C	0705388056	0969582417	01
C	0703576157	0969178956	01
C	0105088926	0999427136	01
C	0105088926	0991553153	01
C	0706353794	0978827773	01
C	0706353794	072931330	06
C	0706353794	0958830459	05
C	1204578916	052745746	01
C	1204578916	0982330426	01
C	1204578916	054202837	06
C	1204578916	042201398	06
C	1204578916	0996560395	01
C	1724740038	022620775	01
C	1724740038	023100977	06
C	1724740038	0984448416	06
C	1313864488	0939072132	01
C	0705220374	072936179	01
C	0705220374	0959635860	01
C	0705220374	0988042649	05
C	0705220374	073731420	06
C	0350282687	0998253252	01
C	0350282687	0969830488	06
C	0925516619	0979067690	01
C	0959117458	0990493163	01
C	0959117458	0981185223	06
C	1105048845	0991036582	01
C	0302023478	0939158442	01
C	1500754393	0986579361	01
C	1500754393	0967671303	01
C	0704761394	0989269557	01
C	0704761394	0981482914	01
C	0704761394	0998518838	06
C	0910601632	042368573	06
C	1103602585	0989134247	01
C	1102989850	072579498	01
C	1102989850	0993207906	01
C	1102989850	072565765	01
C	1203125982	0994440405	01
C	1203125982	052919202	06
C	0704507953	0980127787	01
C	0704507953	023094046	01
C	0704507953	043702400	06
C	0703886283	0983894437	01
C	0703886283	0979901423	01
C	0703886283	0998381289	06
C	0703886283	0986142022	05
C	1104812258	0989643516	01
C	1104812258	0980841178	06
C	1722177688	072910368	06
C	1722177688	0985214761	01
C	1722177688	0997842505	01
C	1400990360	072250721	05
C	1400990360	0968700140	01
C	0950597187	0985167082	01
C	0950597187	074275805	06
C	0916526965	0981703805	01
C	0916526965	072116159	01
C	0916526965	023684995	06
C	1101961736	0994840554	01
C	0703337162	0984507192	01
C	0703337162	0991980662	06
C	0703337162	0990541132	01
C	0922638986	042164488	01
C	0922638986	0984346293	01
C	0929281582	0967843664	01
C	0929281582	0994433262	06
C	0705512069	0969255117	01
C	0705512069	0986085367	06
C	0703584946	0989570425	01
C	0703584946	0997526161	01
C	0703584946	0999189403	06
C	1104637630	0993648164	01
C	1104637630	0989170298	06
C	1104637630	072561383	01
C	1104637630	0997073872	05
C	1104637630	076061891	05
C	1104637630	0967249028	01
C	0918516725	0959022429	01
C	0918516725	042650795	04
C	2100717814	0963083959	01
C	0923158224	0980306269	01
C	0923158224	072795153	01
C	0705305951	0959872407	01
C	0706279718	0984087208	01
C	0702786401	072924642	01
C	0702786401	0967277296	01
C	0703541987	0985782960	01
C	0703541987	072968440	06
C	0706670452	0988696605	01
C	0706670452	072984158	06
C	0706670452	0969445082	01
C	0706670452	076004354	01
C	0706670452	0982755782	05
C	0916960420	0989634706	01
C	0301812673	0939334070	01
C	1105010027	072992240	06
C	0704369198	072938046	06
C	0926117391	042426677	01
C	0926117391	0986251675	01
C	0702911355	0990063368	05
C	0919254698	042606797	05
C	0919254698	046006300	06
C	0704035328	0984275604	01
C	1206169128	072805122	06
C	0301221594	0969057207	01
C	0750889313	0997907601	01
C	0750224305	0968265072	01
C	1104067267	0992473244	01
C	1729839652	0981321865	01
C	0105746846	0999054452	01
C	0105746846	074112553	05
C	0105746846	0983544627	05
C	0107458614	072475307	01
C	0107458614	074078002	06
C	0916864051	0987682598	01
C	0916864051	0999163496	01
C	0909509986	0960436220	06
C	0702582677	0983473146	01
C	0150681732	0983021279	01
C	2300061138	0990306613	01
C	2300061138	0982212985	06
C	2300061138	0990306013	01
C	2300061138	0990305477	01
C	2300061138	0980098156	06
C	0702677824	0987350388	01
C	0702677824	0992446202	01
C	1104686579	072576336	01
C	1104686579	0983894018	01
C	1104686579	072579573	06
C	1710715903	0981071680	01
C	1710715903	0939516116	01
C	0904744356	022782564	06
C	0904744356	0997702248	06
C	0702636283	0987371256	01
C	0106042559	0999979228	01
C	0106042559	072839577	06
C	0106042559	072831794	06
C	0105072748	0985145364	01
C	0105072748	0983825158	05
C	0105072748	0985413017	06
C	0105072748	0995060219	01
C	0107267197	0986242314	01
C	0704280494	072964038	06
C	0704280494	0988036531	01
C	0704280494	0992439928	01
C	0750019184	0985759210	01
C	0101776870	072385064	06
C	0102235603	0987032788	01
C	0905116497	0959692277	01
C	0905116497	042660703	06
C	0921311312	045032280	06
C	1205274234	0997286455	01
C	1205274234	0996784252	01
C	1205274234	0988337325	06
C	0911210201	0999514593	01
C	0911210201	042475959	01
C	0705712347	072955215	06
C	0925079527	0995580410	01
C	0918326802	0939087186	01
C	0918326802	0992250739	01
C	0918326802	023750404	06
C	1104559214	0967239224	01
C	1104559214	0985011617	04
C	1709775157	025008677	02
C	1709775157	022220950	06
C	2400219883	0981962183	01
C	2400219883	042782292	06
C	2400219883	0958818248	01
C	2400219883	0991712036	01
C	0909760886	0985687514	01
C	0923180582	043402400	06
C	0923180582	045000166	06
C	0105763221	0986354460	05
C	0923675979	0984763339	06
C	1721568309	022754354	01
C	1721568309	023701021	06
C	0918335233	0988340254	01
C	0918335233	0985548604	01
C	0918335233	0987032229	06
C	0927642066	042660118	01
C	0927642066	0982202196	01
C	0931701783	0959294303	01
C	0931701783	045048960	01
C	0931701783	0998398075	01
C	1205728742	0983419328	01
C	1205728742	072203120	06
C	1205728742	0961771309	01
C	1713515672	0997975606	06
C	1308644382	072799128	01
C	0704100718	0959957410	06
C	0751059809	0984719046	01
C	0704958594	072928479	01
C	0704958594	074958594	01
C	0704958594	072924131	06
C	0704958594	0999553173	01
C	0106249170	072203072	06
C	0106249170	072171810	06
C	0106249170	0995817202	01
C	0106249170	0998839624	01
C	0106249170	0988311187	06
C	0106249170	0995161266	01
C	0706463387	0998207511	01
C	0706463387	0993430238	06
C	1103167803	072109315	01
C	1103167803	072570214	01
C	1103167803	0988712541	05
C	1103167803	0988711709	01
C	1202735617	0969595786	01
C	1202735617	0991555527	01
C	0706985785	0963606965	01
C	0706776978	072920400	06
C	0301229522	0987374304	01
C	1104489214	0997786811	01
C	0940638034	045060580	06
C	0940638034	0969014978	06
C	0102896842	072386072	01
C	0105006100	0985758597	01
C	0105006100	074030361	06
C	0105006100	0988912848	06
C	0105006100	0994031745	06
C	0105006100	0986832922	01
C	2400001349	042906162	01
C	2400001349	023964600	06
C	1205395385	0985351641	01
C	1205395385	0988985878	01
C	0107089138	023976200	06
C	0302662325	0988031007	01
C	0922994074	0960461101	05
C	0922994074	0961373673	01
C	0300934908	072420075	06
C	0750953473	0984445006	01
C	0705205284	0980217716	01
C	0705205284	023800700	06
C	1303913261	0994139541	01
C	1303913261	072914399	01
C	1205724097	0989436950	01
C	0706519337	0939172537	01
C	0706519337	0999644039	06
C	0704937267	0994074493	01
C	0704937267	0986740303	01
C	0704937267	0989269557	05
C	0704937267	0969917881	06
C	0704937267	0963153402	01
C	1313495358	0990385542	01
C	1313495358	0984582439	01
C	0924375819	0995986305	01
C	0704681279	0988949821	01
C	0703971036	0980306905	01
C	0703971036	0991793905	06
C	0705438612	0992245569	01
C	0705438612	0980515399	05
C	0705438612	0987772015	05
C	0916864051	0990180034	06
C	0704463132	0992002520	01
C	0701594285	0990338180	05
C	1205247891	0962874990	01
C	1205247891	0993830491	06
C	1205247891	0984468265	01
C	0705327252	0991719447	01
C	0705327252	0980034378	06
C	1204882003	0969260300	01
C	1204882003	052954016	01
C	1103521983	0939035949	01
C	1103521983	074181243	06
C	1805287925	0999611326	06
C	1805287925	072455756	01
C	1805287925	0939436033	01
C	0705388056	0993267564	01
C	0705388056	0992552089	06
C	0705388056	0979687829	01
C	0202118873	0968553305	01
C	0202118873	0991084808	06
C	0105088926	072330494	01
C	0706353794	0963182157	01
C	1204578916	0986804928	01
C	1204578916	0967545348	01
C	1724740038	023016171	01
C	1724740038	0995016069	01
C	1724740038	0987798927	01
C	1313864488	022773406	01
C	0959117458	0939885847	06
C	0302023478	072410079	01
C	1500754393	0985665231	06
C	1500754393	0986468545	06
C	1500754393	0989750994	01
C	1500754393	0990725003	05
C	0704761394	072935523	01
C	0704761394	0990104905	01
C	0910601632	0987472651	01
C	0910601632	0988887119	01
C	1203125982	052020194	01
C	0704507953	043093118	01
C	1722177688	0969077558	01
C	1400990360	072760658	01
C	1400990360	0986211469	01
C	1400990360	072251539	06
C	0950597187	042758059	01
C	0950597187	072570600	06
C	0704653088	074199530	01
C	0704653088	074199130	01
C	0704653088	0995274771	01
C	0702031923	0998144815	01
C	0703337162	072995548	06
C	0927515916	0979145514	01
C	0929281582	042280237	06
C	0929281582	0961570236	01
C	0705512069	0993477025	04
C	1104637630	0992056397	06
C	1104637630	0992046853	05
C	1104637630	0967249028	06
C	0918516725	072650795	01
C	2100717814	0987332594	06
C	0705926988	0989358535	01
C	0705926988	072133131	01
C	0703541987	072922874	05
C	0703541987	072920400	06
C	0703541987	990816167	01
C	0916960420	072606304	06
C	0301812673	0993334070	01
C	0301812673	0969894789	01
C	0301812673	0981306292	06
C	0301812673	0969482161	01
C	1105010027	0992142817	01
C	0704369198	0995004799	01
C	0704369198	072792656	01
C	0703978585	072960062	01
C	0703978585	0988856660	01
C	0702911355	0987923110	01
C	0702911355	072510031	01
C	0702911355	072511130	01
C	0919254698	0997932593	01
C	1206169128	0969355377	01
C	0301221594	072214448	05
C	0923938310	0991744365	01
C	0923938310	072427473	06
C	0923938310	0968191960	01
C	0923938310	072422966	06
C	0923938310	0998856416	06
C	0923938310	0962027273	01
C	1305810507	0988299058	01
C	1305810507	0983548030	05
C	0750889313	072882900	06
C	1104067267	072552463	06
C	1104067267	0990033811	06
C	1729839652	072950460	06
C	1900548858	043703800	06
C	1900548858	0980309420	01
C	1900548858	0967446488	01
C	0105452023	0987649948	01
C	0105452023	072171222	06
C	1150373908	0982707634	01
C	0107458614	0962854692	01
C	0916864051	0988436665	01
C	0916864051	0980444135	01
C	0909509986	0983120232	01
C	0909509986	0939042215	01
C	0909509986	0992176720	06
C	0909509986	0991896073	06
C	0909509986	0939096365	06
C	0918890302	0982351827	01
C	0918890302	0978880420	01
C	0918890302	0993731308	01
C	0918890302	0960488470	01
C	1103699235	0999860039	01
C	0702582677	072883650	06
C	0150681732	0958986636	06
C	0702677824	043744565	06
C	0702677824	0980060253	06
C	1104686579	0939693013	01
C	1104686579	0939426165	01
C	1710715903	0985512292	01
C	1710715903	0993066962	01
C	0904744356	0997451901	01
C	0106042559	0999068656	01
C	0107267197	072831545	01
C	0107267197	074034828	06
C	0924230295	045046108	01
C	0924230295	0980087271	01
C	0704280494	072933537	06
C	0104179619	072854077	01
C	0104179619	0992451169	01
C	0104179619	072854351	06
C	0104179619	0967397150	05
C	0750019184	072130146	01
C	0750019184	0992281641	06
C	0101776870	0997240874	01
C	0905116497	042476452	01
C	0921311312	043864370	01
C	0921311312	0968950730	01
C	0911210201	0985444880	06
C	0705712347	0939974763	01
C	0705712347	0998840258	01
C	0925079527	0960123759	01
C	0925079527	072909540	05
C	0925079527	072510781	06
C	1104559214	072565785	01
C	1104559214	0958851369	01
C	1709775157	0992705588	01
C	0909760886	042592280	06
C	0926457532	0939886789	01
C	0926457532	0968805827	05
C	0926457532	073727788	06
C	0923180582	0969642836	01
C	0923180582	0980295405	05
C	0105763221	0985970147	01
C	0106433758	0984079355	01
C	0923675979	0987671476	01
C	0923675979	043127578	06
C	0923675979	0998190479	01
C	1721568309	0995358770	01
C	0927642066	0991882869	06
C	0704678606	0939776972	01
C	1205728742	074106131	01
C	1205728742	072203122	06
C	0705046159	0991970964	01
C	1713515672	0987793305	01
C	1308644382	0984616275	01
C	0704100718	072140042	01
C	0704100718	0985647757	01
C	0751059809	0980929928	06
C	0751059809	072964915	06
C	0106249170	0998812679	01
C	0706463387	0958816928	01
C	0706463387	0967069914	01
C	1307339406	0997901844	01
C	1307339406	0983189578	01
C	1307339406	023762227	06
C	1202735617	0989751965	05
C	0706985785	0967918716	01
C	0706985785	072960856	01
C	0706776978	0991807128	01
C	0301678249	072284518	01
C	0301678249	072284046	01
C	0301678249	0998583818	01
C	0301678249	072863165	06
C	0301678249	0980680679	06
C	0940638034	0979663884	01
C	0102896842	0987780941	01
C	0102896842	072835717	06
C	0105006100	074030025	05
C	0105006100	074030024	01
C	0105006100	0993379511	01
C	2400001349	0982872064	01
C	2400001349	0995326713	01
C	2400001349	0998108704	01
C	1205395385	0992419320	05
C	1205395385	073018818	06
C	0107089138	0984063592	01
C	1711085934	0998910690	01
C	0302662325	0985278216	06
C	0302662325	0994189357	01
C	0300934908	0986167867	01
C	0300934908	0991413770	05
C	0750953473	022963789	06
C	0705205284	0979215156	01
C	0705205284	023700743	06
C	0705857084	0983671944	01
C	0705857084	0991407588	06
C	0928939453	0994623360	06
C	0928939453	0988310526	06
C	0928939453	0990177838	01
C	0750197360	0979735407	01
C	0750197360	0982257175	06
C	0750197360	072945930	01
C	0930614805	0968946585	01
C	0930614805	0992532364	01
C	0930614805	046046608	01
C	0941408874	0967689530	01
C	0706059037	0967908416	01
C	1206443333	0998876000	01
C	1310496219	042968593	01
C	1310496219	0967611912	01
C	1310496219	0979811886	06
C	1721407789	072326846	01
C	1721407789	0989901086	06
C	1104611205	072585590	06
C	0600759815	072836484	01
C	0102831369	0990528317	06
C	1717454969	0967664211	01
C	1717454969	0969945849	01
C	1717454969	023751999	06
C	1715744692	0978774131	01
C	1715744692	072141447	01
C	0706934676	0988777096	01
C	1721447868	0987583562	06
C	0704272053	075001972	01
C	0925850638	0960779960	01
C	0920858958	042538386	01
C	0920858958	0992629670	01
C	0920858958	0992325547	01
C	0920858958	0982487431	06
C	0703184440	0979633319	01
C	0941233504	042744334	06
C	0104813571	0979196619	01
C	0104813571	074054538	01
C	0923004550	0991737124	01
C	0802724245	0992013640	01
C	1105071086	0993298351	01
C	1105071086	0979068505	06
C	1105071086	072585006	01
C	0706382777	0986256114	01
C	0706382777	072913653	01
C	0926620360	0992022646	01
C	0926620360	043083267	06
C	0905748000	042471146	01
C	0905748000	0997889189	01
C	0804304939	0961597475	01
C	0702029711	0988272527	01
C	1401308265	072306408	06
C	1317293627	073682942	06
C	1317293627	0987455271	01
C	1317293627	0961186592	01
C	1317293627	022725424	01
C	0704879626	0993887506	01
C	0704879626	0989814095	01
C	0704879626	072133993	01
C	1723772685	0997080847	01
C	1723772685	0981034197	01
C	1723772685	0972952148	06
C	0102722840	074200150	01
C	0102722840	0998887871	01
C	1712304409	023991073	06
C	0919300723	0995829792	06
C	0919300723	022477690	06
C	0150441160	0999895475	01
C	0150441160	0984465400	05
C	0920400967	042671912	01
C	0920400967	0982950321	01
C	0920400967	042886725	01
C	0703253997	0990848424	01
C	0703253997	0998938975	01
C	0951754126	043702400	06
C	0951754126	042817240	05
C	0106902356	0993106523	01
C	0106902356	072860671	06
C	0750021735	0985185741	01
C	0750021735	072970394	01
C	0750021735	0988197963	05
C	0750021735	0982839766	06
C	0750021735	0984368444	01
C	0701760498	0989758735	01
C	0701760498	072921206	01
C	0701760498	072920228	06
C	0701760498	0983020120	06
C	0701648180	0999879767	01
C	0701648180	072970120	01
C	0701648180	072996244	06
C	0701648180	0993936466	06
C	0922655626	043097889	01
C	0922655626	0992052155	01
C	0922655626	0983315325	06
C	0702067828	072581026	01
C	0702067828	0939265543	01
C	1600825291	0981150481	05
C	1600825291	0959584612	01
C	1600825291	0939450631	06
C	0803460849	0987971006	06
C	2450608332	0980681009	01
C	2450608332	044515379	01
C	2450608332	0992038102	01
C	0804579233	073018818	06
C	1204369423	042784903	06
C	0922979679	0939770280	01
C	0922979679	043703840	06
C	0107142408	072390391	01
C	0107142408	0967289899	01
C	0107142408	0989016172	01
C	0107142408	072862428	05
C	0107142408	0997981629	01
C	0107142408	0980026933	05
C	0107142408	0995062117	06
C	0107142408	0986255412	06
C	0107142408	0986850387	05
C	0107142408	0993632162	01
C	0942019217	0990788503	01
C	0703323832	072787027	01
C	0703323832	0986711073	01
C	0703323832	0990115839	05
C	0931275697	042935444	01
C	0931275697	042394082	06
C	0941022428	0960065713	01
C	0941022428	0958712584	05
C	0941022428	042796443	06
C	1716651441	022378016	01
C	1716651441	0995271335	01
C	1716651441	073801314	06
C	1105034464	0985415658	01
C	0706514346	0989284549	01
C	0706514346	0968128758	05
C	0706514346	072960812	01
C	0706514346	0983659067	06
C	0707097176	0983886767	01
C	2100400098	0968330268	01
C	0706293735	0981258754	01
C	0706293735	0968501830	06
C	0706293735	0995355108	01
C	0701834871	0939956042	01
C	0701834871	072935031	06
C	0701834871	072936930	06
C	0701834871	0989488495	06
C	1102374558	0987581694	01
C	0905286746	0986166953	01
C	0905286746	0986619357	01
C	0905286746	0994592594	06
C	0905286746	0998607456	06
C	0926630047	0984861597	06
C	0926630047	042785826	06
C	0702177346	0985400060	01
C	0702177346	0959412244	06
C	0940725641	0959793757	01
C	0941558710	0982759593	01
C	0941558710	0993767986	06
C	0941558710	0979665590	01
C	0941558710	042020362	01
C	0905059994	0983101580	01
C	0905059994	072941514	01
C	1804881389	0982908330	01
C	1804881389	0990642038	01
C	1206195131	072420661	01
C	1206195131	0939314874	06
C	0912989076	043094955	01
C	0927490987	042149018	01
C	1104019011	0989898105	01
C	1104019011	0991192512	06
C	1104019011	0993273697	01
C	0929395812	0996243494	01
C	0929395812	0996875786	05
C	0703423905	0997585177	01
C	0703161018	0999142954	01
C	0703161018	072924710	06
C	0703161018	0991429354	01
C	0703362517	0989279057	01
C	0703362517	072920604	01
C	0703362517	072920704	01
C	0703362517	0984426198	01
C	0703362517	072935888	06
C	0919069120	0985457142	01
C	0919069120	072542441	06
C	0919069120	072542440	06
C	0705081586	0980783896	01
C	0705081586	072932763	06
C	0603704651	076002700	01
C	0603704651	0995514492	01
C	1300958855	042983122	06
C	1104418247	072981800	06
C	1204016032	0990364188	01
C	1204016032	0939999114	01
C	1103529663	0968500775	01
C	1103529663	0994024473	06
C	1103529663	0958935778	01
C	0705527935	0989171555	01
C	1104612294	0998526944	01
C	1104612294	073701210	06
C	1104026115	0984991487	01
C	1722471859	0959787508	01
C	1316396868	0980624196	01
C	1308206935	0989231944	01
C	0801656315	0968970148	01
C	0801656315	0989804190	01
C	1105808487	0983919285	01
C	1105808487	0969078669	01
C	1726503533	073008722	01
C	1726503533	0962892048	01
C	1726503533	0981643143	06
C	0302362710	072251217	01
C	0701393860	0996388099	01
C	0701393860	072921483	01
C	0701393860	072923088	06
C	0101491793	0959685565	01
C	0101491793	0980730558	06
C	0105770820	0998029252	01
C	0103864427	072475794	01
C	0103864427	0983816641	01
C	0702536376	0969213298	01
C	0401058300	0980681389	01
C	0401058300	062973652	06
C	0950404681	0996678302	01
C	0950404681	072941581	05
C	0950404681	072776248	06
C	0107180325	0939553463	01
C	0107180325	0979221168	01
C	0107180325	0994178284	06
C	0925093056	0986990424	01
C	0705120517	0996294292	06
C	0705120517	0985812361	05
C	1401188915	072701548	06
C	1103725600	0989656324	05
C	1150888913	0986754362	06
C	0706057775	0990865954	01
C	0706057775	073731435	06
C	1104745771	0996972546	01
C	1205329806	0997654184	01
C	1205329806	0997654844	06
C	0926608076	0967505747	05
C	0926608076	072980450	06
C	0926608076	0982525548	01
C	0107462947	0986545306	01
C	0107462947	0959616799	05
C	1724067531	0983535275	01
C	1724067531	023692777	06
C	0907676597	0982785846	01
C	0907676597	0989934272	06
C	0914089206	042165480	01
C	0701640328	0959925573	01
C	0701640328	0991294041	06
C	1202830582	0990707135	01
C	1202830582	0989542032	01
C	1202830582	0959918236	01
C	1202830582	0994445714	03
C	0929787232	072420661	06
C	0929787232	0986132746	01
C	0706726171	076001987	06
C	0926559683	043731750	06
C	0706523719	0997099803	06
C	0706523719	072941072	06
C	0704067628	0979254744	01
C	0704067628	072955141	01
C	0704067628	072950972	06
C	0702102245	072178295	05
C	0920032596	0993701151	01
C	0106358203	074076025	05
C	0106358203	0999823936	05
C	0106358203	0969403802	01
C	0106358203	0980675411	06
C	0927270116	0979870759	01
C	0927270116	045018661	01
C	0927270116	0986880761	03
C	2400261539	0969694055	01
C	0930825195	042910084	01
C	0930825195	0969592524	01
C	0930825195	0998101016	06
C	0930825195	022555934	06
C	0705725166	072941360	01
C	0705725166	0989167300	01
C	0705725166	072934982	06
C	0705570729	072927567	01
C	0705570729	072924248	06
C	0706700929	072980779	06
C	0706700929	0939327712	01
C	0911109007	042803630	01
C	0911109007	042594800	06
C	0926285693	046058314	01
C	1207909837	0969637171	01
C	1207909837	0987877942	01
C	0705857084	0980604484	06
C	0705857084	0988804634	01
C	0705857084	0985021327	06
C	0706363553	0968025613	01
C	0706363553	0959262238	06
C	0928939453	0991822794	01
C	0928939453	0980661583	01
C	0928939453	0985627193	06
C	0930614805	075117141	06
C	0930614805	045039000	06
C	0930614805	0958607267	06
C	0706291465	0985475308	01
C	0941408874	042123287	01
C	0941408874	042485375	06
C	0941408874	0987223344	06
C	0941408874	0963315637	01
C	0706059037	0985981183	05
C	0706059037	0994329484	01
C	1206443333	0994502471	01
C	1310496219	0990896177	01
C	1721407789	0969512796	01
C	1104611205	0987300078	01
C	1104611205	072723114	01
C	0102831369	0994748281	01
C	1715744692	072944584	01
C	1715744692	0998641647	05
C	1715744692	0999814050	01
C	1715744692	072944664	06
C	1715744692	0999763800	06
C	1715744692	073614664	06
C	0706934676	0997051828	01
C	1721447868	023385230	01
C	1721447868	0979054686	01
C	0104311261	0993629704	01
C	0918443995	042190438	01
C	0918443995	0997087032	01
C	0704272053	0959671108	01
C	0912749421	0994678801	01
C	0705442507	073700758	06
C	0705442507	0996785642	01
C	0705442507	0939772312	01
C	0705358489	0967435451	01
C	0705358489	0987260966	06
C	0705358489	0982864326	05
C	0702734450	0986326242	01
C	0702734450	072941395	01
C	0702734450	0959069009	05
C	0702734450	0984346560	01
C	0925850638	0982734829	01
C	0925850638	0989762684	01
C	0925850638	072020442	06
C	0920858958	0986572743	01
C	0920858958	042776832	01
C	0703184440	072936574	06
C	0703184440	0979145187	01
C	0703184440	072967016	01
C	0941233504	0963159512	01
C	0104813571	0982872352	06
C	0104813571	0999132517	05
C	1309441390	0992961176	01
C	1309441390	072869177	06
C	1309441390	0998979223	06
C	1718173477	0939047792	01
C	1718173477	062748005	06
C	1718173477	0967697380	01
C	1718173477	0987329820	01
C	0706382777	072913228	06
C	0706382777	0984938634	01
C	0926620360	0992554850	06
C	0804304939	0996883931	01
C	0804304939	042799492	01
C	0702029711	072275453	06
C	1401308265	0988578418	01
C	1401308265	0992158569	06
C	1317293627	0992306985	06
C	0102722840	0995851490	01
C	1712304409	0992195199	01
C	0919300723	072477430	01
C	0919300723	0939765251	01
C	1400709703	0979947332	01
C	1400709703	073815890	06
C	1400709703	072823321	06
C	1400709703	072831592	06
C	0150441160	0998061009	06
C	0703253997	0994308634	01
C	0703253997	0993706615	01
C	0703253997	076005109	01
C	0951754126	0981592454	01
C	0106902356	074147953	05
C	0106902356	0982761207	01
C	0106902356	0959885727	01
C	0750021735	0988508138	06
C	0106397912	0990039793	01
C	0922655626	0939115878	01
C	0922655626	0998639875	06
C	0922655626	0990334615	01
C	0803460849	072871092	01
C	0803460849	0962552257	01
C	0803460849	074134505	06
C	0804579233	0967928260	01
C	1204369423	0994698202	01
C	0922979679	043848039	06
C	0916999642	0980401665	01
C	0916999642	043716200	06
C	0916999642	0961983433	01
C	0916999642	0968766927	01
C	0942019217	0991603264	01
C	0942019217	0991449390	06
C	0931275697	0960114510	01
C	1105034464	0979418243	01
C	1105034464	0993536347	06
C	0919217331	0991189627	01
C	0919217331	042370353	01
C	0706514346	072963825	06
C	0707097176	0994051406	01
C	2100400098	072945902	06
C	1102374558	0987660687	01
C	1102374558	072152226	06
C	1102374558	072933354	01
C	0905286746	072930474	01
C	0926630047	0979267455	01
C	0941558710	0992674286	06
C	1206946137	0960178048	01
C	0905059994	042537329	06
C	1804881389	072960014	06
C	1206195131	0979591802	01
C	1206195131	0999156993	01
C	0912989076	0969815134	01
C	0912989076	042597400	06
C	0912989076	0992665960	06
C	0927490987	0968258035	01
C	0927490987	042510555	06
C	0927490987	0993989314	06
C	0929395812	042711304	05
C	0929395812	042975131	06
C	0929395812	042703654	01
C	0929395812	0990719926	01
C	0929395812	0989344463	06
C	0703161018	072929162	01
C	0703785675	0967548968	01
C	0703785675	072952339	01
C	0705081586	072630328	01
C	0705081586	072250471	06
C	0603704651	073701640	06
C	1300958855	0999883737	01
C	1300958855	042278522	01
C	1104418247	0993070292	01
C	1204016032	0968188178	01
C	1103529663	0969407498	01
C	1103529663	046061419	01
C	1103529663	072585934	06
C	1103529663	0997175194	01
C	1104612294	073026470	01
C	1104612294	0988787714	06
C	0931454367	0960483712	01
C	1316396868	0991608273	01
C	1316396868	0985326463	06
C	1316396868	073018818	06
C	1308206935	0991182385	01
C	1105808487	0960750633	01
C	1105808487	0993090976	06
C	0302362710	0998670686	01
C	0907518799	0990739578	01
C	0907518799	042013991	05
C	0907518799	0998947666	01
C	0701393860	0998996054	01
C	0101491793	072475121	01
C	0105770820	072820760	06
C	0105770820	0987623480	06
C	0702536376	0994259312	01
C	0702536376	0981105335	01
C	0925093056	042724577	06
C	0705120517	0984711911	01
C	1401188915	073045008	01
C	1401188915	0992227788	01
C	1103725600	072574555	01
C	1103725600	0994055424	05
C	1103725600	0980880559	01
C	0701140436	072785066	01
C	0701140436	0980446646	01
C	1150888913	0968954625	01
C	0918120726	042627975	01
C	0918120726	0959653950	01
C	1104745771	0982284193	01
C	1104745771	072540985	01
C	1104745771	0996590018	01
C	1205329806	0999224614	01
C	1205329806	0958999017	06
C	1205329806	072616540	01
C	0926608076	0968340355	01
C	0926608076	072941395	05
C	0907676597	072293222	06
C	0914089206	0986672331	01
C	0914089206	042550181	06
C	0701640328	0990153753	01
C	0929787232	0959008098	01
C	0706726171	0995194057	01
C	0706726171	072935141	01
C	0926559683	0960506811	01
C	0926559683	042020679	01
C	0926559683	0985334280	01
C	0706523719	0989956697	01
C	0706523719	0991947500	05
C	1202914840	0939844093	01
C	0702102245	072155086	01
C	0702102245	0969710288	01
C	0927270116	042208853	06
C	2400261539	0999648969	01
C	0705725166	0996592395	01
C	0705725166	0982426898	01
C	0705570729	0991501979	01
C	0706700929	072924212	01
C	1306689215	0987834289	01
C	0911109007	0994360129	01
C	0926285693	0999348688	01
C	1103293385	072556363	01
C	1706178637	0983659268	01
C	1706178637	072751165	01
C	1706178637	0993296695	06
C	1706178637	0999679604	06
C	0706406840	0979154982	01
C	0706406840	072931289	01
C	0921980249	0968183931	01
C	0921980249	0988661549	06
C	0706617370	072983353	06
C	0706617370	0993183800	06
C	0703045757	0985452260	01
C	0703045757	0995262417	01
C	0703045757	072943210	06
C	0703045757	072793208	06
C	0803228949	042443730	06
C	2400098733	042933208	01
C	2400098733	0997600714	06
C	0703984005	0985869748	01
C	0703984005	0996883233	06
C	0706472107	072946077	06
C	0706472107	0960627135	01
C	0706472107	073600677	06
C	0917981201	0989671761	01
C	0917981201	0968204624	06
C	0705875581	0959670989	01
C	0705875581	072963463	05
C	0705875581	072928169	05
C	0705875581	0969690402	05
C	0705875581	072936790	06
C	1401228992	0960089133	01
C	1401228992	0958850590	06
C	0921619185	0979792713	01
C	0921619185	0997977243	06
C	0106232945	072812545	06
C	0106232945	0993781957	06
C	2100350491	072943422	06
C	2100350491	0988548972	01
C	2100350491	0959438130	06
C	0921536488	0968006563	01
C	0927730945	0990262634	01
C	0927730945	072943724	01
C	1308636008	0982105177	01
C	1308636008	053022231	01
C	0918641754	0982496701	01
C	1500860000	0980248202	01
C	1500860000	022093150	06
C	0106836422	0990754122	02
C	0106836422	0992962618	06
C	1707204184	052450860	01
C	0104816764	0999173859	01
C	0104816764	072284273	01
C	0105020234	072859776	01
C	0105020234	0991534727	01
C	0703817296	0981327028	01
C	0956232052	042937931	01
C	0956232052	0992335937	01
C	0956232052	042914210	05
C	0956232052	046006765	06
C	0105397657	0959811711	01
C	0302433347	072420661	06
C	1104803935	0994408918	06
C	0942116377	0989023361	01
C	0930731211	043885221	01
C	0930731211	0987675226	01
C	0930731211	0995604842	01
C	0930731211	0982787770	05
C	0940604499	072421443	01
C	0705215812	0963665534	01
C	0926595877	0978887323	01
C	0703009654	072923088	06
C	2100515184	0968564512	01
C	2100515184	042977680	01
C	1102404009	0995554085	06
C	1104982879	0987024701	01
C	1104982879	0958932934	05
C	1104982879	0992896839	01
C	0705937803	072961666	06
C	0705937803	0939943350	01
C	0705937803	072961101	06
C	0702042821	0984892909	06
C	0701716326	072080647	06
C	0701716326	0989849590	01
C	0701716326	075003679	01
C	0701716326	0994495024	05
C	0701716326	072662169	05
C	0701716326	0968793992	01
C	0701716326	0984891429	01
C	0706975851	072852963	01
C	0706975851	0997726391	01
C	0706975851	0986822898	01
C	0706975851	0993931467	06
C	0706448198	0999361184	01
C	0706448198	0986648310	06
C	0706448198	0967610976	01
C	0706448198	0988582292	01
C	0924707979	0960650051	01
C	0924707979	042284888	06
C	0924707979	0960965576	01
C	0704928175	0997022240	01
C	0704928175	072517274	06
C	0705829968	0994338067	06
C	0705829968	072923883	06
C	0705829968	0939379885	01
C	0107124018	0997513517	01
C	0703750174	0968806730	01
C	0705497428	0958703148	01
C	0106222631	0984914605	01
C	0106222631	0995043812	01
C	0105549489	0998111935	01
C	1102123484	0993032352	01
C	1102123484	0991482522	06
C	1702560580	072546115	01
C	1702560580	072571861	06
C	0104558663	072802366	01
C	0300885506	072872070	06
C	0943569582	0980885987	01
C	0107207201	072832221	01
C	0107207201	072882900	06
C	1204054249	072712095	01
C	1204054249	073452020	06
C	0941907503	0996608547	06
C	0941907503	0983042845	01
C	1102711734	0994720140	01
C	1311406605	0995347167	01
C	0704320639	0991632911	01
C	0151230992	0998517691	01
C	0151230992	0969207740	06
C	0102552254	072885508	01
C	0102552254	0983040606	01
C	0706421963	0999682614	01
C	0908717374	072862018	06
C	0908717374	0979041691	01
C	0908717374	0984305629	01
C	0908717374	074083424	06
C	0908717374	074083526	06
C	0917913204	043842682	06
C	0917913204	0989004444	06
C	0917913204	073880088	05
C	0917913204	0981390462	05
C	0703529958	072912212	01
C	0703529958	0983360032	06
C	1706871397	0984682891	01
C	1706871397	072570350	06
C	1706871397	022594061	01
C	0951722131	044630477	01
C	0951722131	042478808	06
C	1104932551	0985031434	01
C	1104932551	0997250751	05
C	1104932551	0999323602	06
C	0705124212	072949846	01
C	0705124212	0968600288	01
C	0705124212	072948731	06
C	0705124212	0991273005	06
C	0705124212	0980809165	01
C	1715238018	022474651	06
C	1715238018	022594572	06
C	1715238018	0981982563	01
C	0931489033	0969807964	01
C	1205553504	0992193504	01
C	0929016517	0960433236	01
C	1206419234	0969944799	01
C	1206419234	072831991	06
C	0706652971	0959296201	01
C	0706652971	0980628027	01
C	0706652971	0989911097	06
C	0703883744	072950998	06
C	0703883744	072951419	01
C	0703883744	072950958	06
C	0703723809	0967851448	01
C	1106036070	0994412244	01
C	1106036070	0959882361	06
C	0953755220	0981269112	01
C	0953755220	042430709	06
C	0107223240	0998483539	01
C	0107223240	0960942993	01
C	2400095192	042933004	01
C	2400095192	0993469224	01
C	0911275634	0994702282	01
C	0911275634	042606257	06
C	0950629824	0986584508	01
C	0950629824	0993115298	01
C	0950629824	042935407	05
C	0950629824	0995593457	06
C	0702750621	072934613	01
C	1900511021	0981126984	01
C	1900511021	0969124727	06
C	0702909573	0992535183	06
C	0702909573	0969845017	01
C	0750369183	0967494102	01
C	0750369183	0999697654	01
C	0750369183	072935576	06
C	1706240791	0999657653	01
C	0704020981	0988424574	01
C	0704020981	072975188	01
C	0704563170	0981701832	01
C	0704563170	076001064	01
C	1722220397	074089485	06
C	0705967131	072912967	06
C	0926468612	0958865100	01
C	1105013740	0987332269	01
C	2200466999	072824128	06
C	2200466999	0991846107	06
C	2200466999	0990052003	01
C	2200466999	0959248927	01
C	2200466999	0979390856	05
C	2200466999	0998999294	05
C	0104327424	074177669	02
C	0104327424	0980963653	01
C	0104327424	0993295117	01
C	0150090827	072480315	01
C	0150090827	0969987956	01
C	1719625806	022644093	01
C	1719625806	073731700	06
C	0105548994	0967864179	01
C	0105548994	0990785425	06
C	0107498982	0992751646	01
C	0107498982	0996546227	06
C	0804907871	072565485	06
C	0850267709	073018818	06
C	1600198582	0962300316	01
C	0929138162	042712227	01
C	0929138162	0982386541	06
C	0703694422	0959738656	01
C	0703694422	0985970886	06
C	0703694422	072915446	01
C	0703694422	0968906765	01
C	0106386378	074320436	05
C	1105771198	0939125562	01
C	0951199181	0989176674	01
C	0951199181	042322000	06
C	1205483157	0967572002	01
C	1205483157	0985083966	01
C	1207909837	0997165750	05
C	0917770133	0997648075	01
C	0917770133	0959619318	05
C	0917770133	0982724770	01
C	1103293385	0959862357	01
C	1103293385	072676566	06
C	1706178637	0969287708	06
C	2450655705	0993554398	01
C	2450655705	042777261	06
C	0301150033	072477611	06
C	0301150033	072760625	01
C	0301150033	0988858480	01
C	0301150033	0987830048	01
C	0301948329	0989655444	01
C	0706617370	0993183804	01
C	0703045757	0993395427	01
C	0803228949	045064294	01
C	0803228949	0967955025	01
C	0803228949	0983500137	01
C	2400098733	0996310783	01
C	2400098733	0969012030	01
C	2400098733	042779966	06
C	2400098733	0960022054	01
C	0706472107	0995450573	01
C	0706472107	0997168364	01
C	0705986875	0939125970	01
C	0705986875	0985283127	05
C	0917981201	042046010	06
C	0106232945	0968702710	01
C	1450085772	0992041457	01
C	1450085772	074173125	06
C	1450085772	074091795	06
C	0918641754	0993855988	01
C	0918641754	042733420	01
C	0704874163	0979873061	01
C	1500860000	072713222	01
C	0106836422	0990755899	01
C	0106836422	0990755897	01
C	1707204184	0980535543	01
C	1707204184	052757349	06
C	1707204184	0999489858	01
C	0104749429	0967300270	01
C	0104749429	072390006	06
C	0104816764	0990345508	06
C	0105020234	072227033	06
C	0703817296	0997576860	05
C	0703817296	0982629031	01
C	0105014609	072859361	01
C	0105014609	0984479236	01
C	0105014609	0959910521	06
C	0956232052	046006762	06
C	0302433347	0967829294	01
C	0302433347	0991253833	01
C	0302433347	0939844106	01
C	1104803935	072585083	01
C	1104803935	0983339540	01
C	0942116377	0999559219	06
C	0705505022	0989462618	01
C	0940604499	0968722330	01
C	0705215812	072977284	01
C	0705215812	0990271117	01
C	0705215812	072948412	06
C	0150492775	0991977272	01
C	0150492775	072820860	06
C	0925885667	0983845843	01
C	0925885667	0983852982	06
C	0926595877	0997288373	01
C	0926595877	0998887323	01
C	0706028602	0986826782	01
C	0706028602	0981462341	06
C	0150910768	0967317078	01
C	0150910768	072822324	06
C	0150910768	0963822144	01
C	0703009654	072930567	01
C	0703009654	0995375281	01
C	0703009654	072921483	01
C	1716374622	022612981	01
C	1716374622	0979179073	01
C	1716374622	022432050	06
C	1716374622	022699800	06
C	2100515184	0939632177	01
C	2100515184	0992160299	06
C	1102404009	0981383255	01
C	1102404009	072970121	01
C	0705937803	0967339135	01
C	0702042821	072984072	01
C	0702042821	0991971113	01
C	0301495255	072886909	01
C	0301495255	0994469745	01
C	0301495255	072841073	06
C	0301495255	0964038818	01
C	0701716326	0989879890	01
C	0701716326	0989849540	06
C	0702264383	0994116005	01
C	0702264383	0991632410	01
C	0706347960	0969785361	01
C	0706448198	072948751	01
C	0705974251	0983108580	01
C	0924707979	0960256110	01
C	0702562745	0990935790	01
C	0702674300	0997649520	01
C	0702674300	072219371	06
C	0703750174	072980174	05
C	0703750174	042968458	06
C	0705497428	072917934	06
C	0106222631	0984999798	06
C	0106222631	042223292	06
C	0105549489	072203118	01
C	0105549489	0989801634	01
C	0105549489	072839834	06
C	1102123484	0968409859	01
C	1702560580	0998827220	01
C	1702560580	0994024470	06
C	0703300400	0992347871	01
C	0703300400	0990981225	01
C	0703300400	0989390050	06
C	0104558663	074177460	01
C	0104558663	0995350016	01
C	0300885506	074047972	01
C	0300885506	0985228024	01
C	0107207201	0992350777	01
C	1204054249	073700360	01
C	1204054249	023750621	01
C	1204054249	0939585395	01
C	0941907503	0985428864	01
C	0941907503	072421083	01
C	0103910956	0988160635	01
C	1102711734	0983924561	01
C	0704320639	042787117	06
C	0704320639	042787277	06
C	0102552254	072829484	01
C	0102552254	0999068553	01
C	0401212238	0983166721	01
C	0401212238	0983166721	06
C	0908717374	0969585543	01
C	0908717374	074036090	01
C	0908717374	0984616186	01
C	0908717374	0983530571	01
C	0917913204	043879785	01
C	0917913204	0979548084	01
C	0703529958	0996217004	01
C	1706871397	023021036	01
C	1706871397	0969002598	01
C	0951722131	0982102011	01
C	0101860641	072829920	01
C	0101860641	0987750690	01
C	0705124212	072849846	01
C	0705124212	0968963071	01
C	0705124212	0994373537	05
C	1715238018	022470007	01
C	1715238018	0960851536	01
C	0931489033	0968825440	01
C	1206419234	0982151877	01
C	1206419234	0991530431	06
C	1206419234	0989964604	01
C	0956455828	0981150992	01
C	0703883744	0985705231	01
C	1106036070	0990855922	01
C	0953755220	0958994780	01
C	0107223240	072812822	01
C	0107223240	0984104919	01
C	2400095192	0959436954	01
C	2400095192	0990395116	01
C	2400095192	072777261	06
C	2400095192	0967175771	01
C	0911275634	0988998803	01
C	0702750621	0983100713	01
C	0702909573	0982956677	01
C	0702909573	0992187876	01
C	0704020981	0985167439	01
C	1722220397	0968718076	01
C	1722220397	0962943843	01
C	1722220397	0998628791	06
C	1722220397	072582821	06
C	1722220397	0993206867	06
C	0705967131	0991903970	01
C	1721216958	0978784172	01
C	0103343174	0989888891	01
C	0103343174	0984974705	01
C	1105013740	072854772	01
C	1105013740	0962799801	01
C	2200466999	0992298001	01
C	0104327424	072831390	06
C	0104327424	0985227251	01
C	0919621821	0959420190	01
C	0105026090	0980831627	01
C	0105026090	0979977539	06
C	0105026090	074114876	06
C	0105026090	0962943890	01
C	0105548994	072877356	01
C	0105548994	0959233724	01
C	0107498982	0983002259	07
C	0850246265	0967402958	01
C	0106127459	0969921778	01
C	0106127459	072842653	06
C	0106127459	0988821411	01
C	0804907871	072562069	01
C	0804907871	0983805127	01
C	0850267709	0967402958	01
C	0929138162	0993180267	01
C	0703694422	0985212481	01
C	0106386378	0981327029	01
C	1105771198	0980657465	01
C	1105771198	076003589	01
C	1105771198	0939472410	01
C	0951199181	0996764076	01
C	0951199181	0978831916	01
C	1205483157	0968370875	01
C	1205483157	072420075	06
C	0923404396	0999477817	01
C	0923404396	0991811975	01
C	0923404396	072935385	06
C	1103651301	073104896	01
C	1103651301	072109680	06
C	1103651301	072109715	06
C	1103651301	0981286369	06
C	0706340676	0939013893	06
C	0706340676	0994097947	06
C	0106632508	0984153194	01
C	0106632508	072455775	01
C	1310664279	0960223905	01
C	1310664279	073018825	06
C	0104513197	073062821	01
C	0104513197	0999124161	01
C	0103533022	0992861988	01
C	0103533022	0990635825	01
C	0103533022	072817045	01
C	0954429932	072245629	06
C	0102581782	0984995385	01
C	0102581782	0987865201	06
C	0105247142	074106272	01
C	0105247142	0958960023	01
C	0105247142	072806089	05
C	0105247142	074102797	06
C	0105247142	074102962	06
C	0105247142	0987404939	01
C	0302261623	0987230423	01
C	0302261623	0984281652	01
C	0302261623	0998667768	06
C	1315859486	0982541302	01
C	0703839100	0959795064	01
C	0703839100	0968019102	01
C	1106021056	072577822	06
C	1106021056	0939890046	01
C	0103469953	072854005	01
C	0103469953	0995289694	01
C	0103469953	072175199	06
C	0103469953	072275189	06
C	1206569335	0992408688	01
C	1206569335	0991696107	01
C	1206569335	0960231823	03
C	0706423944	0968618034	01
C	0706423944	072921294	01
C	0706423944	072983810	06
C	0706423944	076003729	01
C	0704461573	072936486	06
C	0704461573	0992637260	02
C	0702266693	0992475210	01
C	0704343524	0999411884	06
C	0704343524	0994348039	01
C	0105397483	074096198	05
C	0915268064	0978749144	01
C	0915268064	042464806	06
C	0915268064	0980654579	02
C	0105330047	0967455941	01
C	0105330047	072390025	01
C	0105330047	074060143	06
C	0922086376	0994955840	01
C	0922086376	0988970983	06
C	0922086376	072048048	06
C	1600463879	0998393876	01
C	1600463879	076003392	01
C	1600463879	0968984739	01
C	1600463879	072218219	06
C	1600463879	0999084560	06
C	0705815348	072435252	06
C	0705815348	0988696133	01
C	0702135955	073081506	01
C	0702135955	0993834405	05
C	0702135955	0995771011	06
C	0702594151	0999087716	01
C	0702594151	072923041	01
C	0702594151	072938810	06
C	1203833411	052734026	06
C	1203833411	0960730695	01
C	1203833411	0960687189	01
C	0924420615	043900954	05
C	0750169419	0998935391	01
C	0750169419	074103429	06
C	0702036310	072945546	01
C	0702036310	0999105180	01
C	1303379877	0999211636	01
C	0929055788	0967542137	01
C	0101776110	072866336	06
C	1102313234	0993305281	01
C	0105681795	0988713204	04
C	0704086123	0995922701	01
C	0704086123	023961700	06
C	0101415636	072841118	01
C	0101415636	0986292842	01
C	0100683242	074107794	01
C	0100683242	0987514244	01
C	0104316856	0983865096	01
C	0104316856	0967455086	01
C	0705987907	0997438892	01
C	0106165723	073016099	01
C	0704299692	0992108095	01
C	0960262343	0998503366	01
C	0105504153	072878488	05
C	0105504153	0981638096	01
C	0105504153	072878194	06
C	0105504153	0993142662	05
C	1204588386	0983380825	05
C	1204588386	072416421	06
C	0704490275	0980079318	06
C	0705886471	072993009	06
C	0750952384	072295235	06
C	0302467378	0968372438	01
C	0919240135	0986729604	06
C	0705085348	0991217259	06
C	1205483157	0939829073	01
C	0701815409	0960998974	01
C	0107232696	0986161242	01
C	1103651301	0986659139	01
C	0706340676	0986594661	01
C	0706340676	0981619164	01
C	0706340676	0992266984	01
C	0910750140	0983154013	01
C	0106632508	072882900	06
C	0106632508	0996329089	01
C	1310664279	072018818	01
C	1310664279	0991058830	06
C	1310664279	0985326463	06
C	0750993586	0980833942	01
C	0750993586	072995548	05
C	0750993586	0982778495	06
C	0929545259	043842760	01
C	0929545259	0983783314	01
C	0929545259	048842760	01
C	0954429932	072867277	01
C	0954429932	0939262948	01
C	0102581782	072861676	01
C	0913501888	0967588515	01
C	0913501888	0959468510	06
C	0704257146	0979003782	01
C	1315859486	052999999	01
C	1315859486	0998974362	01
C	0703850081	0992650532	01
C	0703850081	072922311	01
C	0703850081	073702400	06
C	0703839100	072962442	01
C	1106021056	0987171422	01
C	1106021056	0997883058	01
C	0930601513	0986007761	01
C	0930601513	042843982	05
C	0930601513	042599555	06
C	0103469953	0960655861	01
C	1206569335	0969915481	01
C	0704461573	0990568168	01
C	0704461573	0990568162	07
C	0704461573	0979534380	07
C	0704461573	0990090193	05
C	0704461573	072961100	05
C	0704461573	0997135502	02
C	0702266693	0986523663	01
C	0704343524	0990901544	02
C	0704343524	072155472	01
C	0704343524	072155178	05
C	0704343524	0960947110	06
C	0704343524	0990728731	01
C	0105397483	0988867973	01
C	0916702939	042371291	01
C	0916702939	0992766375	01
C	1718288416	0981332702	01
C	0705815348	0990020322	01
C	1102764675	0987157291	01
C	1102764675	072570255	01
C	1102764675	0999579872	01
C	0702135955	0987260784	01
C	0702594151	0997201724	01
C	0924420615	0979101222	01
C	0924420615	042853254	06
C	0750169419	074108860	06
C	0750169419	072862572	06
C	0750169419	0958720608	05
C	0750169419	074214722	06
C	0702036310	0986565765	01
C	0702036310	0990461564	05
C	0929055788	0997049826	01
C	0929055788	072987559	01
C	0929055788	042825093	06
C	0928821222	074101686	01
C	0928821222	0995332388	01
C	0928821222	042136709	06
C	0928821222	022960459	06
C	0101776110	074086998	06
C	0101776110	0985546253	01
C	0101776110	074087071	01
C	1102313234	0981811782	01
C	0105681795	072896274	05
C	0105681795	0939453865	01
C	0105681795	0984955212	06
C	0105681795	0987434386	06
C	0105681795	072455984	06
C	0603876855	072866228	01
C	0603876855	0984615521	01
C	0603876855	072809768	06
C	0101415636	0989677384	06
C	0104316856	0989939699	01
C	0104316856	0986204887	06
C	0703475764	0986569377	01
C	0104205414	074101195	01
C	0104205414	0984111216	01
C	0105158976	0939020071	01
C	0705987907	0961501531	01
C	0705987907	072932140	06
C	0705987907	0994958064	01
C	0106165723	0982737152	01
C	0106165723	0982909971	05
C	1204588386	0939633482	01
C	1205626680	0967520555	01
C	1205626680	074091795	01
C	1205626680	072886583	02
C	1306821529	0981315062	01
C	0704490275	0989777893	01
C	0705886471	0979545345	01
C	0705886471	0989923904	01
C	0750952384	0992019199	01
C	0302467378	0994390315	06
C	0919240135	0981718493	01
C	0705085348	0990080326	01
C	0105827364	0995277055	06
C	0105827364	0991486714	01
C	0301744298	0998931149	01
C	1105197667	0968537892	01
C	1105197667	0985150536	01
C	0105277446	072859557	01
C	0105277446	0992876341	01
C	0105277446	0998567035	01
C	0105277446	0998066896	01
C	0301744298	0984776038	01
